0 0.11011235955056181 0.3716577540106952 0.05393258426966292 0.0374331550802139
0 0.2932584269662922 0.36452762923351156 0.07865168539325844 0.0374331550802139
0 0.45955056179775283 0.34670231729055256 0.11011235955056181 0.0730837789661319
0 0.7067415730337079 0.34759358288770054 0.08764044943820226 0.053475935828877004
0 0.8955056179775281 0.3850267379679144 0.20449438202247192 0.2281639928698752
0 0.18764044943820227 0.5508021390374331 0.06966292134831462 0.0748663101604278
0 0.37415730337078656 0.5632798573975044 0.06067415730337079 0.09982174688057041
0 0.2955056179775281 0.640819964349376 0.0651685393258427 0.0374331550802139
0 0.36966292134831463 0.7638146167557932 0.07415730337078652 0.062388591800356503
0 0.7382022471910114 0.7825311942959001 0.3258426966292135 0.0463458110516934
0 0.5325842696629214 0.6327985739750446 0.09887640449438204 0.0677361853832442
0 0.6112359550561798 0.5303030303030303 0.040449438202247195 0.1764705882352941
