0 0.09433962264150944 0.83810888252149 0.07547169811320754 0.16332378223495703
0 0.16886792452830188 0.8065902578796561 0.062264150943396226 0.16905444126074498
0 0.34150943396226413 0.6146131805157593 0.06415094339622641 0.18624641833810887
0 0.4037735849056604 0.5501432664756447 0.05660377358490566 0.15472779369627507
0 0.45660377358490567 0.48424068767908307 0.04528301886792453 0.14326647564469913
0 0.5056603773584906 0.4169054441260745 0.04905660377358491 0.14040114613180515
0 0.7943396226415095 0.5673352435530086 0.06792452830188679 0.12034383954154727
0 0.8301886792452831 0.29656160458452724 0.10943396226415095 0.27793696275071633
0 0.4018867924528302 0.8810888252148997 0.07169811320754717 0.07736389684813753
0 0.6867924528301886 0.7808022922636103 0.018867924528301886 0.03151862464183381
