0 0.447 0.4722921914357682 0.058 0.10327455919395466
0 0.651 0.7544080604534005 0.098 0.0579345088161209
0 0.426 0.8375314861460957 0.036000000000000004 0.042821158690176324
0 0.353 0.43828715365239296 0.114 0.060453400503778336
0 0.313 0.35642317380352645 0.042 0.08312342569269521
0 0.14400000000000002 0.3337531486146096 0.07200000000000001 0.03778337531486146
0 0.654 0.4659949622166247 0.036000000000000004 0.08060453400503778
0 0.5640000000000001 0.48740554156171284 0.06 0.03778337531486146
0 0.912 0.5465994962216625 0.044 0.09571788413098237
0 0.862 0.4634760705289672 0.056 0.07556675062972291
