0 0.799618320610687 0.5308285163776493 0.14631043256997456 0.26396917148362237
0 0.05725190839694657 0.5067437379576107 0.11450381679389314 0.2928709055876686
0 0.21882951653944022 0.4884393063583815 0.20610687022900764 0.3063583815028902
0 0.4459287531806616 0.5510597302504817 0.03944020356234097 0.18497109826589594
0 0.6793893129770993 0.8208092485549133 0.035623409669211195 0.057803468208092484
0 0.6488549618320612 0.9460500963391136 0.027989821882951654 0.019267822736030827
0 0.6075063613231553 0.9132947976878613 0.044529262086514 0.02697495183044316
0 0.594147582697201 0.5606936416184971 0.027989821882951654 0.17726396917148363
0 0.5807888040712469 0.4142581888246628 0.10305343511450382 0.03468208092485549
0 0.46055979643765904 0.3834296724470135 0.058524173027989825 0.030828516377649325
0 0.6933842239185751 0.6551059730250481 0.010178117048346057 0.09633911368015415
0 0.6653944020356235 0.6888246628131021 0.03053435114503817 0.06358381502890173
0 0.6272264631043257 0.6714836223506744 0.015267175572519085 0.10982658959537572
