0 0.03404255319148936 0.8562300319488818 0.06170212765957447 0.14057507987220447
0 0.24255319148936172 0.9384984025559105 0.19574468085106383 0.11980830670926518
0 0.4026595744680851 0.8730031948881789 0.12234042553191489 0.14217252396166133
0 0.5175531914893617 0.7723642172523961 0.10106382978723405 0.16134185303514376
0 0.673936170212766 0.6357827476038338 0.1074468085106383 0.12779552715654952
0 0.7819148936170213 0.5439297124600638 0.09574468085106383 0.11980830670926518
0 0.9180851063829787 0.4249201277955271 0.15531914893617021 0.1693290734824281
0 0.676063829787234 0.33706070287539935 0.039361702127659576 0.134185303514377
0 0.3840425531914894 0.6757188498402555 0.07446808510638298 0.14057507987220447
0 0.46276595744680854 0.5702875399361023 0.055319148936170216 0.08626198083067092
0 0.5042553191489362 0.5095846645367412 0.03404255319148936 0.06389776357827476
