0 0.856 0.8239795918367346 0.08 0.09183673469387754
0 0.8260000000000001 0.6607142857142857 0.10400000000000001 0.12244897959183673
0 0.851 0.7499999999999999 0.066 0.05612244897959183
0 0.745 0.30357142857142855 0.246 0.36734693877551017
0 0.456 0.5663265306122448 0.556 0.1683673469387755
0 0.20400000000000001 0.3737244897959183 0.08 0.19642857142857142
0 0.297 0.9196428571428571 0.222 0.14030612244897958
0 0.199 0.7512755102040816 0.066 0.04336734693877551
0 0.845 0.9349489795918366 0.054 0.12499999999999999
0 0.34800000000000003 0.6875 0.164 0.06887755102040816
