0 0.26484375 0.544496487119438 0.18281250000000002 0.1522248243559719
0 0.5015625 0.07845433255269321 0.06875 0.15690866510538642
0 0.40156250000000004 0.02810304449648712 0.09062500000000001 0.05620608899297424
0 0.28750000000000003 0.32084309133489464 0.037500000000000006 0.09836065573770492
0 0.81953125 0.2529274004683841 0.0671875 0.08430913348946135
0 0.70625 0.17798594847775176 0.034375 0.19672131147540983
0 0.0125 0.5023419203747073 0.025 0.09601873536299765
0 0.5625 0.6311475409836066 0.046875 0.09601873536299765
0 0.68515625 0.6159250585480094 0.035937500000000004 0.12646370023419204
0 0.625 0.2423887587822014 0.037500000000000006 0.07728337236533958
